21 36 9

0.0941704 0.00448431 0.0343797 0.0164425 0.156951 0.0134529 0.0134529 0.0134529 0.0852018 0.00448431 0 0.038864 0.0313901 0.0807175 0.0597907 0.0239163 0.00298954 0.0896861 0.0792227 0.0657698 0.0672646 0.0164425 0 0.00448431 0 0.00298954 0 0 0 0 0 0 0 0 0 0 

0 0 1 0 0 0 0 0 0 

0.0633397 0.0115163 0.0403071 0.0364683 0.12476 0.0134357 0.00767754 0.0134357 0.0921305 0.00575816 0 0.0690979 0.0345489 0.084453 0.0825336 0.0345489 0.00575816 0.0518234 0.0786948 0.074856 0.0441459 0.00959693 0.00191939 0.00575816 0.00383877 0.00959693 0 0 0 0 0 0 0 0 0 0 

0 0 1 0 0 0 0 0 0 

0.0703013 0.0114778 0.0286944 0.0401722 0.136298 0.0143472 0.0114778 0.0114778 0.0760402 0.00860832 0 0.0530846 0.0559541 0.0903874 0.0760402 0.025825 0.00286944 0.0588235 0.0703013 0.0832138 0.0530846 0.00860832 0 0.0071736 0.00573888 0 0 0 0 0 0 0 0 0 0 0 

0 0 1 0 0 0 0 0 0 

0.100152 0.00758725 0.0394537 0.0485584 0.141123 0.0091047 0.0151745 0.0060698 0.0849772 0.0091047 0 0.0531108 0.0288316 0.0880121 0.0333839 0.0242792 0.00758725 0.0576631 0.0925645 0.0698027 0.060698 0.0121396 0 0.00455235 0.0060698 0 0 0 0 0 0 0 0 0 0 0 

0 0 1 0 0 0 0 0 0 

0.0818071 0.00976801 0.023199 0.037851 0.14652 0.010989 0.00854701 0.00610501 0.0757021 0.00488401 0 0.0561661 0.045177 0.102564 0.0561661 0.042735 0.00854701 0.0659341 0.0757021 0.0805861 0.04884 0.00488401 0.002442 0.003663 0.001221 0 0 0 0 0 0 0 0 0 0 0 

0 0 1 0 0 0 0 0 0 

0.0573477 0.0143369 0.0334528 0.0298686 0.13859 0.0155317 0.0131422 0.0107527 0.0752688 0.00716846 0.00119474 0.0454002 0.0489845 0.0919952 0.078853 0.0382318 0.00716846 0.0681004 0.0800478 0.0692951 0.0477897 0.0155317 0.00119474 0.00597372 0.00358423 0.00119474 0 0 0 0 0 0 0 0 0 0 

0 0 1 0 0 0 0 0 0 

0.0817717 0.00851789 0.0340715 0.0391823 0.141397 0.011925 0.0221465 0.0102215 0.0715503 0.00340715 0 0.0715503 0.0357751 0.0783646 0.0477002 0.0306644 0.00851789 0.0698467 0.0783646 0.0630324 0.0579216 0.0187394 0.00170358 0.00511073 0.00681431 0.00170358 0 0 0 0 0 0 0 0 0 0 

0 0 1 0 0 0 0 0 0 

0.0794224 0.0144404 0.0306859 0.0306859 0.137184 0.0108303 0.00541516 0.0108303 0.0848375 0.0108303 0.00180505 0.064982 0.0306859 0.0794224 0.0577617 0.0270758 0.0126354 0.0812274 0.066787 0.064982 0.0631769 0.0216607 0.00180505 0.00541516 0.00541516 0 0 0 0 0 0 0 0 0 0 0 

0 0 1 0 0 0 0 0 0 

0.0794271 0.0104167 0.0286458 0.0247396 0.122396 0.0195312 0.0117188 0.0143229 0.09375 0.00651042 0.00130208 0.0494792 0.0416667 0.0703125 0.0703125 0.0364583 0.0130208 0.0768229 0.0703125 0.0755208 0.0585938 0.0143229 0.00130208 0.00260417 0.00520833 0.00130208 0 0 0 0 0 0 0 0 0 0 

0 0 1 0 0 0 0 0 0 

0.0780255 0.00477707 0.0350318 0.0382166 0.14172 0.0175159 0.0127389 0.00796178 0.0796178 0.00796178 0 0.0541401 0.044586 0.071656 0.066879 0.0191083 0.0127389 0.0652866 0.0828025 0.0764331 0.0509554 0.0175159 0 0.00636943 0.00636943 0.00159236 0 0 0 0 0 0 0 0 0 0 

0 0 1 0 0 0 0 0 0 

0.0714286 0.003861 0.015444 0.0656371 0.137066 0.003861 0.00965251 0.015444 0.0888031 0.00579151 0 0.046332 0.030888 0.0926641 0.0675676 0.0405405 0.003861 0.0714286 0.0810811 0.0656371 0.0540541 0.015444 0.003861 0.003861 0.0019305 0.003861 0 0 0 0 0 0 0 0 0 0 

0 0 1 0 0 0 0 0 0 

0.0665702 0.0101302 0.0303907 0.0361794 0.137482 0.0115774 0.00434153 0.00578871 0.0723589 0.00434153 0 0.0520984 0.040521 0.0868307 0.0781476 0.0448625 0.0101302 0.081042 0.0665702 0.0781476 0.0607815 0.0115774 0 0.00434153 0.00289436 0.00289436 0 0 0 0 0 0 0 0 0 0 

0 0 1 0 0 0 0 0 0 

0.080207 0.00905563 0.0375162 0.0349288 0.137128 0.0142303 0.00646831 0.00905563 0.084088 0.00517464 0 0.0362225 0.0401035 0.0931436 0.072445 0.0439845 0.00517464 0.0608021 0.084088 0.0737387 0.0465718 0.0168176 0 0.00388098 0.00517464 0 0 0 0 0 0 0 0 0 0 0 

0 0 1 0 0 0 0 0 0 

0.0721003 0.0125392 0.030303 0.0376176 0.15047 0.00626959 0.00731452 0.00417973 0.0846395 0.00940439 0 0.0501567 0.0355277 0.0741902 0.061651 0.0365726 0.0135841 0.0721003 0.0888192 0.0606061 0.0700104 0.0104493 0 0.00731452 0.00208986 0.00208986 0 0 0 0 0 0 0 0 0 0 

0 0 1 0 0 0 0 0 0 

0.0881316 0.0094007 0.0317274 0.039953 0.132785 0.0141011 0.0094007 0.00587544 0.0881316 0.00705053 0 0.0446533 0.0340776 0.0787309 0.0622797 0.039953 0.0117509 0.06698 0.0763807 0.0728555 0.0552291 0.0211516 0 0.00705053 0.00117509 0.00117509 0 0 0 0 0 0 0 0 0 0 

0 0 1 0 0 0 0 0 0 

0.079023 0.012931 0.0301724 0.0445402 0.158046 0.0215517 0.0172414 0.00718391 0.0775862 0.00862069 0 0.0488506 0.0229885 0.091954 0.0474138 0.0229885 0.00431034 0.0718391 0.0804598 0.0704023 0.0574713 0.0143678 0 0.00718391 0.00143678 0.00143678 0 0 0 0 0 0 0 0 0 0 

0 0 1 0 0 0 0 0 0 

0.0856269 0.00764526 0.029052 0.0366972 0.155963 0.0168196 0.0168196 0.00152905 0.0657492 0.00611621 0 0.0672783 0.0183486 0.0917431 0.0519878 0.0336391 0.00764526 0.0810398 0.0672783 0.0856269 0.0489297 0.0122324 0 0.00764526 0.00458716 0 0 0 0 0 0 0 0 0 0 0 

0 0 1 0 0 0 0 0 0 

0.0651872 0.00693481 0.0443828 0.0346741 0.137309 0.00832178 0.00693481 0.00832178 0.0915395 0.00554785 0 0.0554785 0.0416089 0.0887656 0.0762829 0.0346741 0.0110957 0.0693481 0.0596394 0.0679612 0.0596394 0.0138696 0.00138696 0.00416089 0.00416089 0.00277393 0 0 0 0 0 0 0 0 0 0 

0 0 1 0 0 0 0 0 0 

0.0669291 0.011811 0.0249344 0.0275591 0.152231 0.00524934 0.0104987 0.00524934 0.0879265 0.00393701 0 0.0682415 0.0459318 0.0787402 0.0564304 0.0341207 0.00918635 0.0564304 0.0800525 0.0813648 0.0564304 0.0223097 0 0.00787402 0.00262467 0.00393701 0 0 0 0 0 0 0 0 0 0 

0 0 1 0 0 0 0 0 0 

0.0777512 0.0107656 0.0358852 0.0334928 0.143541 0.0119617 0.0155502 0.0131579 0.0729665 0.00239234 0.00239234 0.0526316 0.0322967 0.0657895 0.0633971 0.034689 0.00598086 0.0825359 0.0789474 0.0657895 0.0705742 0.0167464 0.00119617 0.00598086 0.00119617 0.00239234 0 0 0 0 0 0 0 0 0 0 

0 0 1 0 0 0 0 0 0 

0.0875486 0.0155642 0.0233463 0.0389105 0.132296 0.0214008 0.0116732 0.00389105 0.0875486 0.00583658 0 0.0505837 0.0389105 0.0719844 0.0447471 0.0233463 0.00972763 0.0836576 0.0836576 0.0856031 0.0525292 0.0214008 0 0.00583658 0 0 0 0 0 0 0 0 0 0 0 0 

0 0 1 0 0 0 0 0 0 

