5 26 9

0.140678 0.0152542 0.0423729 0.0508475 0.0949153 0.0101695 0.0135593 0.0135593 0.101695 0.00338983 0 0.0576271 0.0288136 0.0711864 0.0847458 0.0271186 0 0.0728814 0.0745763 0.0305085 0.0322034 0.0152542 0 0.00508475 0.00677966 0.00677966 

0 0 0 0 0 1 0 0 0 

0.142633 0.0172414 0.0517241 0.0470219 0.105016 0.00626959 0.0141066 0.023511 0.0799373 0 0 0.0438871 0.0188088 0.0752351 0.0987461 0.0282132 0.00470219 0.0642633 0.0626959 0.0485893 0.0407524 0.00626959 0 0.0031348 0.0125392 0.00470219 

0 0 0 0 0 1 0 0 0 

0.147541 0.0234192 0.0398126 0.0468384 0.103044 0.00702576 0.0117096 0.0210773 0.0796253 0.00468384 0 0.0491803 0.0444965 0.0515222 0.0960187 0.0327869 0.00234192 0.0796253 0.0725995 0.0444965 0.0257611 0.00702576 0 0.00468384 0 0.00468384 

0 0 0 0 0 1 0 0 0 

0.123937 0.0170109 0.0328068 0.0571081 0.117861 0.00972054 0.0133657 0.0133657 0.0826245 0.0036452 0 0.0340219 0.0376671 0.0716889 0.111786 0.0206561 0.00243013 0.072904 0.0801944 0.0352369 0.0303767 0.0121507 0 0.00607533 0.0072904 0.00607533 

0 0 0 0 0 1 0 0 0 

0.139045 0.00983146 0.0477528 0.0323034 0.103933 0.00983146 0.0126404 0.00702247 0.0786517 0.00140449 0 0.0449438 0.0266854 0.0660112 0.101124 0.0308989 0.00983146 0.0772472 0.0744382 0.0547753 0.0449438 0.0154494 0 0 0.00842697 0.00280899 

0 0 0 0 0 1 0 0 0 

