5 26 6

0.185539 0 0 0.00409277 0.0736699 0 0 0.0204638 0.100955 0.0272851 0.0709413 0.0641201 0.0272851 0.0682128 0.0804911 0.0204638 0 0.0300136 0.0695771 0.0709413 0.0572988 0.0204638 0 0 0.00818554 0 

0 1 0 0 0 0 

0.16622 0 0 0.00402145 0.0817694 0 0 0.0147453 0.117962 0.0214477 0.0509383 0.0616622 0.0254692 0.0965147 0.0723861 0.0241287 0 0.0174263 0.0697051 0.0831099 0.0402145 0.0294906 0 0 0.0227882 0 

0 1 0 0 0 0 

0.184569 0 0 0 0.0847201 0 0 0.02118 0.107413 0.0136157 0.0620272 0.0559758 0.0226929 0.096823 0.0650529 0.0121029 0 0.0226929 0.0650529 0.101362 0.0408472 0.0272315 0 0 0.0166415 0 

0 1 0 0 0 0 

0.175732 0 0 0.0055788 0.0655509 0 0 0.0306834 0.112971 0.0223152 0.0474198 0.0460251 0.0251046 0.0906555 0.0711297 0.0209205 0 0.0320781 0.0683403 0.0990237 0.0446304 0.0237099 0 0 0.0181311 0 

0 1 0 0 0 0 

0.197889 0 0 0.00131926 0.0831135 0 0 0.0316623 0.085752 0.0158311 0.0540897 0.0474934 0.030343 0.101583 0.0646438 0.0277045 0 0.0145119 0.0672823 0.0897098 0.0527704 0.0105541 0 0 0.0237467 0 

0 1 0 0 0 0 

