30 26 6

0.0941884 0.0140281 0.0300601 0.0561122 0.150301 0.0220441 0.01002 0.0280561 0.0701403 0.00400802 0.00801603 0.0360721 0.0300601 0.0661323 0.0460922 0.0320641 0 0.0701403 0.0681363 0.0781563 0.0240481 0.0140281 0.00801603 0.00801603 0.0320641 0 

1 0 0 0 0 0 

0.0757576 0.0137741 0.0330578 0.046832 0.129477 0.0165289 0.0179063 0.0275482 0.0853994 0.00550964 0.00964187 0.0413223 0.0275482 0.0867769 0.0743802 0.0385675 0.00275482 0.0592287 0.0757576 0.0619835 0.0316804 0.00550964 0.00826446 0.00550964 0.0192837 0 

1 0 0 0 0 0 

0.0769231 0.0161002 0.0178891 0.0644007 0.123435 0.019678 0.0268336 0.0465116 0.0572451 0.00178891 0.00357782 0.0339893 0.0250447 0.0608229 0.0876565 0.0250447 0.00357782 0.0697674 0.0679785 0.0697674 0.0357782 0.00894454 0.0268336 0.00178891 0.0268336 0.00178891 

1 0 0 0 0 0 

0.0588235 0.0139319 0.0278638 0.0603715 0.151703 0.0201238 0.0294118 0.0371517 0.0743034 0.00154799 0.00464396 0.0386997 0.0216718 0.0727554 0.0681115 0.0309598 0.00154799 0.0758514 0.0681115 0.0619195 0.0325077 0.00928793 0.0108359 0.00154799 0.0263158 0 

1 0 0 0 0 0 

0.0604839 0.00201613 0.0181452 0.0524194 0.135081 0.0120968 0.0100806 0.0302419 0.0846774 0.00403226 0.00403226 0.0282258 0.046371 0.0806452 0.0907258 0.0302419 0.00201613 0.0866935 0.078629 0.0665323 0.0262097 0.0120968 0.0141129 0.00201613 0.0221774 0 

1 0 0 0 0 0 

0.185539 0 0 0.00409277 0.0736699 0 0 0.0204638 0.100955 0.0272851 0.0709413 0.0641201 0.0272851 0.0682128 0.0804911 0.0204638 0 0.0300136 0.0695771 0.0709413 0.0572988 0.0204638 0 0 0.00818554 0 

0 1 0 0 0 0 

0.16622 0 0 0.00402145 0.0817694 0 0 0.0147453 0.117962 0.0214477 0.0509383 0.0616622 0.0254692 0.0965147 0.0723861 0.0241287 0 0.0174263 0.0697051 0.0831099 0.0402145 0.0294906 0 0 0.0227882 0 

0 1 0 0 0 0 

0.184569 0 0 0 0.0847201 0 0 0.02118 0.107413 0.0136157 0.0620272 0.0559758 0.0226929 0.096823 0.0650529 0.0121029 0 0.0226929 0.0650529 0.101362 0.0408472 0.0272315 0 0 0.0166415 0 

0 1 0 0 0 0 

0.175732 0 0 0.0055788 0.0655509 0 0 0.0306834 0.112971 0.0223152 0.0474198 0.0460251 0.0251046 0.0906555 0.0711297 0.0209205 0 0.0320781 0.0683403 0.0990237 0.0446304 0.0237099 0 0 0.0181311 0 

0 1 0 0 0 0 

0.197889 0 0 0.00131926 0.0831135 0 0 0.0316623 0.085752 0.0158311 0.0540897 0.0474934 0.030343 0.101583 0.0646438 0.0277045 0 0.0145119 0.0672823 0.0897098 0.0527704 0.0105541 0 0 0.0237467 0 

0 1 0 0 0 0 

0.0941704 0.00448431 0.0343797 0.0164425 0.156951 0.0134529 0.0134529 0.0134529 0.0852018 0.00448431 0 0.038864 0.0313901 0.0807175 0.0597907 0.0239163 0.00298954 0.0896861 0.0792227 0.0657698 0.0672646 0.0164425 0 0.00448431 0 0.00298954 

0 0 1 0 0 0 

0.103953 0.0146413 0.0409956 0.0307467 0.158126 0.0131772 0.00732064 0.0102489 0.0775988 0.00292826 0 0.0439239 0.0190337 0.079063 0.0409956 0.0366032 0.00878477 0.079063 0.0775988 0.0805271 0.0556369 0.011713 0 0.00292826 0.00146413 0.00292826 

0 0 1 0 0 0 

0.0734767 0.00358423 0.0340502 0.0286738 0.164875 0.0125448 0.0197133 0.0179211 0.0734767 0.00537634 0 0.0376344 0.0232975 0.0824373 0.0716846 0.0268817 0.0107527 0.0752688 0.0752688 0.0860215 0.0519713 0.0179211 0.00179211 0 0.00179211 0.00358423 

0 0 1 0 0 0 

0.0800821 0.0184805 0.0205339 0.0164271 0.156057 0.00821355 0.0102669 0.0143737 0.073922 0.00821355 0 0.0492813 0.0287474 0.0677618 0.0657084 0.036961 0.00410678 0.0862423 0.0985626 0.0616016 0.0554415 0.0225873 0 0.0102669 0.00410678 0.00205339 

0 0 1 0 0 0 

0.0662983 0.014733 0.038674 0.0276243 0.165746 0.0184162 0.0110497 0.0092081 0.0791897 0.00368324 0 0.0331492 0.0220994 0.0755064 0.0552486 0.0368324 0.00368324 0.0755064 0.0828729 0.0994475 0.0570902 0.014733 0 0.00552486 0.00184162 0.00184162 

0 0 1 0 0 0 

0.0758808 0.0230352 0.0257453 0.0325203 0.147696 0.0203252 0.0406504 0.0555556 0.0474255 0.00271003 0.0108401 0.0501355 0.0311653 0.107046 0.0406504 0.00271003 0 0.0663957 0.0596206 0.0745257 0.0460705 0.0108401 0.0189702 0 0 0.00948509 

0 0 0 1 0 0 

0.0697674 0.0215947 0.0315615 0.0249169 0.164452 0.0116279 0.0448505 0.0614618 0.0598007 0.00166113 0.0149502 0.0564784 0.0215947 0.0880399 0.0232558 0.00996678 0 0.0730897 0.0747508 0.0598007 0.051495 0.00664452 0.0166113 0 0 0.0116279 

0 0 0 1 0 0 

0.0795287 0.0162003 0.0338733 0.0368189 0.172312 0.0191458 0.0486009 0.0486009 0.0603829 0.00294551 0.0147275 0.0412371 0.0265096 0.0986745 0.0279823 0.0103093 0 0.0692194 0.0530191 0.0692194 0.0338733 0.0103093 0.0162003 0 0 0.0103093 

0 0 0 1 0 0 

0.077634 0.0277264 0.0203327 0.0369686 0.147874 0.0184843 0.0277264 0.0536044 0.0554529 0.00184843 0.0203327 0.0591497 0.0369686 0.0979667 0.0443623 0.00554529 0 0.0665434 0.0683919 0.051756 0.0406654 0.012939 0.0166359 0 0 0.0110906 

0 0 0 1 0 0 

0.0537634 0.0215054 0.0286738 0.0358423 0.182796 0.0179211 0.0430108 0.0519713 0.0645161 0.00537634 0.0125448 0.0412186 0.0250896 0.116487 0.0322581 0.00896057 0 0.0734767 0.0448029 0.0573477 0.0412186 0.0107527 0.0232975 0 0 0.00716846 

0 0 0 1 0 0 

0.0792617 0.0217155 0.0477742 0.0271444 0.0684039 0.00434311 0.0108578 0.0119435 0.0933768 0.0228013 0.0325733 0.0162866 0.0369164 0.0618892 0.0977199 0.0390879 0 0.0488599 0.0564604 0.0347448 0.0238871 0 0.0488599 0 0.0477742 0.0673181 

0 0 0 0 1 0 

0.0901468 0.0188679 0.0408805 0.0345912 0.072327 0 0.0167715 0.00733753 0.0943396 0.0398323 0.0345912 0.0220126 0.0387841 0.0450734 0.081761 0.0419287 0 0.0503145 0.048218 0.0398323 0.0293501 0 0.0398323 0 0.0471698 0.0660377 

0 0 0 0 1 0 

0.0941055 0.0196484 0.0537746 0.0423992 0.0713547 0.00103413 0.0227508 0.00930714 0.0961737 0.0196484 0.033092 0.0196484 0.0423992 0.0579111 0.0765253 0.0341262 0 0.0496381 0.0465357 0.0289555 0.0217166 0.00103413 0.0475698 0 0.0444674 0.0661841 

0 0 0 0 1 0 

0.0839161 0.0201049 0.0480769 0.0332168 0.0690559 0.00174825 0.0174825 0.0148601 0.0952797 0.0297203 0.041958 0.0201049 0.0314685 0.0585664 0.0935315 0.0428322 0 0.0524476 0.0428322 0.0288462 0.0201049 0 0.0498252 0 0.0384615 0.0655594 

0 0 0 0 1 0 

0.10355 0.0207101 0.0463511 0.0424063 0.0641026 0 0.0147929 0.0128205 0.0936884 0.0177515 0.0414201 0.0216963 0.0364892 0.061144 0.0749507 0.0335306 0 0.061144 0.0424063 0.0335306 0.025641 0 0.0483235 0 0.0433925 0.0601578 

0 0 0 0 1 0 

0.140678 0.0152542 0.0423729 0.0508475 0.0949153 0.0101695 0.0135593 0.0135593 0.101695 0.00338983 0 0.0576271 0.0288136 0.0711864 0.0847458 0.0271186 0 0.0728814 0.0745763 0.0305085 0.0322034 0.0152542 0 0.00508475 0.00677966 0.00677966 

0 0 0 0 0 1 

0.142633 0.0172414 0.0517241 0.0470219 0.105016 0.00626959 0.0141066 0.023511 0.0799373 0 0 0.0438871 0.0188088 0.0752351 0.0987461 0.0282132 0.00470219 0.0642633 0.0626959 0.0485893 0.0407524 0.00626959 0 0.0031348 0.0125392 0.00470219 

0 0 0 0 0 1 

0.147541 0.0234192 0.0398126 0.0468384 0.103044 0.00702576 0.0117096 0.0210773 0.0796253 0.00468384 0 0.0491803 0.0444965 0.0515222 0.0960187 0.0327869 0.00234192 0.0796253 0.0725995 0.0444965 0.0257611 0.00702576 0 0.00468384 0 0.00468384 

0 0 0 0 0 1 

0.123937 0.0170109 0.0328068 0.0571081 0.117861 0.00972054 0.0133657 0.0133657 0.0826245 0.0036452 0 0.0340219 0.0376671 0.0716889 0.111786 0.0206561 0.00243013 0.072904 0.0801944 0.0352369 0.0303767 0.0121507 0 0.00607533 0.0072904 0.00607533 

0 0 0 0 0 1 

0.139045 0.00983146 0.0477528 0.0323034 0.103933 0.00983146 0.0126404 0.00702247 0.0786517 0.00140449 0 0.0449438 0.0266854 0.0660112 0.101124 0.0308989 0.00983146 0.0772472 0.0744382 0.0547753 0.0449438 0.0154494 0 0 0.00842697 0.00280899 

0 0 0 0 0 1 