6 26 9

0.126586 0.00694864 0.0416918 0.0350453 0.104834 0.0114804 0.0163142 0.0114804 0.113897 0 0.000302115 0.0456193 0.0311178 0.0598187 0.0987915 0.0317221 0.00271903 0.0779456 0.0567976 0.0583082 0.0299094 0.0326284 0 0.00060423 0 0.00543807 

0 0 0 0 0 0 0 1 0 

0.122691 0.0124134 0.0366628 0.0314665 0.107102 0.0127021 0.0230947 0.011836 0.107679 0 0 0.0395497 0.0277136 0.0612009 0.0969977 0.0306005 0.00230947 0.0811201 0.0583141 0.0632217 0.0297344 0.0326212 0 0.000866051 0 0.0101039 

0 0 0 0 0 0 0 1 0 

0.115338 0.0152161 0.041692 0.0343883 0.117164 0.0146074 0.0155204 0.0146074 0.107425 0 0 0.0462568 0.0322581 0.0532562 0.0998174 0.0292149 0.00334753 0.0754717 0.0578211 0.0608643 0.034084 0.0249544 0 0.000608643 0 0.00608643 

0 0 0 0 0 0 0 1 0 

0.122828 0.0109723 0.0402316 0.0301737 0.10637 0.0152393 0.0222493 0.0124962 0.110637 0 0 0.0499848 0.0320024 0.0633953 0.089302 0.0268211 0.00152393 0.0704054 0.053947 0.0704054 0.0353551 0.0262115 0 0.00121914 0 0.0082292 

0 0 0 0 0 0 0 1 0 

0.123599 0.014601 0.040747 0.0281834 0.112394 0.0156197 0.0152801 0.0129032 0.0977929 0 0.000339559 0.049236 0.0271647 0.0516129 0.0988115 0.0298812 0.00305603 0.083871 0.0584041 0.0614601 0.0383701 0.0278438 0 0 0 0.00882852 

0 0 0 0 0 0 0 1 0 

0.114887 0.0108271 0.0396992 0.0324812 0.11188 0.0114286 0.0144361 0.0114286 0.107068 0 0.000300752 0.042406 0.0333835 0.0700752 0.103759 0.0315789 0.00150376 0.0736842 0.0571429 0.0637594 0.0342857 0.0258647 0 0.000601504 0 0.0075188 

0 0 0 0 0 0 0 1 0 

