5 26 6

0.0758808 0.0230352 0.0257453 0.0325203 0.147696 0.0203252 0.0406504 0.0555556 0.0474255 0.00271003 0.0108401 0.0501355 0.0311653 0.107046 0.0406504 0.00271003 0 0.0663957 0.0596206 0.0745257 0.0460705 0.0108401 0.0189702 0 0 0.00948509 

0 0 0 1 0 0 

0.0697674 0.0215947 0.0315615 0.0249169 0.164452 0.0116279 0.0448505 0.0614618 0.0598007 0.00166113 0.0149502 0.0564784 0.0215947 0.0880399 0.0232558 0.00996678 0 0.0730897 0.0747508 0.0598007 0.051495 0.00664452 0.0166113 0 0 0.0116279 

0 0 0 1 0 0 

0.0795287 0.0162003 0.0338733 0.0368189 0.172312 0.0191458 0.0486009 0.0486009 0.0603829 0.00294551 0.0147275 0.0412371 0.0265096 0.0986745 0.0279823 0.0103093 0 0.0692194 0.0530191 0.0692194 0.0338733 0.0103093 0.0162003 0 0 0.0103093 

0 0 0 1 0 0 

0.077634 0.0277264 0.0203327 0.0369686 0.147874 0.0184843 0.0277264 0.0536044 0.0554529 0.00184843 0.0203327 0.0591497 0.0369686 0.0979667 0.0443623 0.00554529 0 0.0665434 0.0683919 0.051756 0.0406654 0.012939 0.0166359 0 0 0.0110906 

0 0 0 1 0 0 

0.0537634 0.0215054 0.0286738 0.0358423 0.182796 0.0179211 0.0430108 0.0519713 0.0645161 0.00537634 0.0125448 0.0412186 0.0250896 0.116487 0.0322581 0.00896057 0 0.0734767 0.0448029 0.0573477 0.0412186 0.0107527 0.0232975 0 0 0.00716846 

0 0 0 1 0 0 

