5 26 6

0.0941704 0.00448431 0.0343797 0.0164425 0.156951 0.0134529 0.0134529 0.0134529 0.0852018 0.00448431 0 0.038864 0.0313901 0.0807175 0.0597907 0.0239163 0.00298954 0.0896861 0.0792227 0.0657698 0.0672646 0.0164425 0 0.00448431 0 0.00298954 

0 0 1 0 0 0 

0.103953 0.0146413 0.0409956 0.0307467 0.158126 0.0131772 0.00732064 0.0102489 0.0775988 0.00292826 0 0.0439239 0.0190337 0.079063 0.0409956 0.0366032 0.00878477 0.079063 0.0775988 0.0805271 0.0556369 0.011713 0 0.00292826 0.00146413 0.00292826 

0 0 1 0 0 0 

0.0734767 0.00358423 0.0340502 0.0286738 0.164875 0.0125448 0.0197133 0.0179211 0.0734767 0.00537634 0 0.0376344 0.0232975 0.0824373 0.0716846 0.0268817 0.0107527 0.0752688 0.0752688 0.0860215 0.0519713 0.0179211 0.00179211 0 0.00179211 0.00358423 

0 0 1 0 0 0 

0.0800821 0.0184805 0.0205339 0.0164271 0.156057 0.00821355 0.0102669 0.0143737 0.073922 0.00821355 0 0.0492813 0.0287474 0.0677618 0.0657084 0.036961 0.00410678 0.0862423 0.0985626 0.0616016 0.0554415 0.0225873 0 0.0102669 0.00410678 0.00205339 

0 0 1 0 0 0 

0.0662983 0.014733 0.038674 0.0276243 0.165746 0.0184162 0.0110497 0.0092081 0.0791897 0.00368324 0 0.0331492 0.0220994 0.0755064 0.0552486 0.0368324 0.00368324 0.0755064 0.0828729 0.0994475 0.0570902 0.014733 0 0.00552486 0.00184162 0.00184162 

0 0 1 0 0 0 

