6 26 9

0.0711875 0.0165695 0.00981896 0.0484811 0.185026 0.00675054 0.0444922 0.0190242 0.0601411 0.0153421 0.0227064 0.0457195 0.0312979 0.0991102 0.0684259 0.0199448 0 0.0555385 0.033139 0.062289 0.0254679 0.0199448 0.0190242 0 0 0.0205585 

0 0 0 0 0 0 0 0 1 

0.0803725 0.0151776 0.0172473 0.0469127 0.162815 0.0096585 0.0382891 0.0206968 0.0703691 0.0155226 0.0286306 0.0438082 0.0303553 0.102104 0.0576061 0.0155226 0 0.0596757 0.0375992 0.064505 0.0262159 0.0231114 0.0186271 0 0.00137979 0.0137979 

0 0 0 0 0 0 0 0 1 

0.0811914 0.0138719 0.0163199 0.0497756 0.177887 0.0106079 0.0297838 0.0252958 0.0607915 0.0118319 0.0248878 0.0432477 0.0191758 0.100367 0.0640555 0.0175439 0 0.0616075 0.0416157 0.0603835 0.0224398 0.0220318 0.0195838 0.000407997 0.000815993 0.0244798 

0 0 0 0 0 0 0 0 1 

0.0724206 0.0155423 0.0138889 0.0548942 0.174603 0.00727513 0.0333995 0.0195106 0.0701058 0.0155423 0.0248016 0.0456349 0.021164 0.111111 0.0598545 0.0191799 0 0.0585317 0.0439815 0.0588624 0.0214947 0.0188492 0.0224868 0 0.000661376 0.0162037 

0 0 0 0 0 0 0 0 1 

0.0621469 0.015165 0.0166518 0.0529289 0.180791 0.00802855 0.0401427 0.0214095 0.0686887 0.0157597 0.0261671 0.0419268 0.0240856 0.106453 0.0657151 0.0160571 0 0.0606601 0.0401427 0.0585787 0.0223015 0.019328 0.0208147 0 0.000297354 0.0157597 

0 0 0 0 0 0 0 0 1 

0.0703074 0.0137345 0.0130804 0.0487247 0.185415 0.0088293 0.0415304 0.0189666 0.0640942 0.0114454 0.0258339 0.0444735 0.0241988 0.10399 0.0634402 0.0127534 0 0.0644212 0.0418574 0.0660562 0.0225638 0.0209287 0.0179856 0.000654022 0.000327011 0.0143885 

0 0 0 0 0 0 0 0 1 

