5 26 9

0.0792617 0.0217155 0.0477742 0.0271444 0.0684039 0.00434311 0.0108578 0.0119435 0.0933768 0.0228013 0.0325733 0.0162866 0.0369164 0.0618892 0.0977199 0.0390879 0 0.0488599 0.0564604 0.0347448 0.0238871 0 0.0488599 0 0.0477742 0.0673181 

0 0 0 0 1 0 0 0 0 

0.0901468 0.0188679 0.0408805 0.0345912 0.072327 0 0.0167715 0.00733753 0.0943396 0.0398323 0.0345912 0.0220126 0.0387841 0.0450734 0.081761 0.0419287 0 0.0503145 0.048218 0.0398323 0.0293501 0 0.0398323 0 0.0471698 0.0660377 

0 0 0 0 1 0 0 0 0 

0.0941055 0.0196484 0.0537746 0.0423992 0.0713547 0.00103413 0.0227508 0.00930714 0.0961737 0.0196484 0.033092 0.0196484 0.0423992 0.0579111 0.0765253 0.0341262 0 0.0496381 0.0465357 0.0289555 0.0217166 0.00103413 0.0475698 0 0.0444674 0.0661841 

0 0 0 0 1 0 0 0 0 

0.0839161 0.0201049 0.0480769 0.0332168 0.0690559 0.00174825 0.0174825 0.0148601 0.0952797 0.0297203 0.041958 0.0201049 0.0314685 0.0585664 0.0935315 0.0428322 0 0.0524476 0.0428322 0.0288462 0.0201049 0 0.0498252 0 0.0384615 0.0655594 

0 0 0 0 1 0 0 0 0 

0.10355 0.0207101 0.0463511 0.0424063 0.0641026 0 0.0147929 0.0128205 0.0936884 0.0177515 0.0414201 0.0216963 0.0364892 0.061144 0.0749507 0.0335306 0 0.061144 0.0424063 0.0335306 0.025641 0 0.0483235 0 0.0433925 0.0601578 

0 0 0 0 1 0 0 0 0 

