5 26 9

0.0941884 0.0140281 0.0300601 0.0561122 0.150301 0.0220441 0.01002 0.0280561 0.0701403 0.00400802 0.00801603 0.0360721 0.0300601 0.0661323 0.0460922 0.0320641 0 0.0701403 0.0681363 0.0781563 0.0240481 0.0140281 0.00801603 0.00801603 0.0320641 0 

1 0 0 0 0 0 0 0 0 

0.0757576 0.0137741 0.0330578 0.046832 0.129477 0.0165289 0.0179063 0.0275482 0.0853994 0.00550964 0.00964187 0.0413223 0.0275482 0.0867769 0.0743802 0.0385675 0.00275482 0.0592287 0.0757576 0.0619835 0.0316804 0.00550964 0.00826446 0.00550964 0.0192837 0 

1 0 0 0 0 0 0 0 0 

0.0769231 0.0161002 0.0178891 0.0644007 0.123435 0.019678 0.0268336 0.0465116 0.0572451 0.00178891 0.00357782 0.0339893 0.0250447 0.0608229 0.0876565 0.0250447 0.00357782 0.0697674 0.0679785 0.0697674 0.0357782 0.00894454 0.0268336 0.00178891 0.0268336 0.00178891 

1 0 0 0 0 0 0 0 0 

0.0588235 0.0139319 0.0278638 0.0603715 0.151703 0.0201238 0.0294118 0.0371517 0.0743034 0.00154799 0.00464396 0.0386997 0.0216718 0.0727554 0.0681115 0.0309598 0.00154799 0.0758514 0.0681115 0.0619195 0.0325077 0.00928793 0.0108359 0.00154799 0.0263158 0 

1 0 0 0 0 0 0 0 0 

0.0604839 0.00201613 0.0181452 0.0524194 0.135081 0.0120968 0.0100806 0.0302419 0.0846774 0.00403226 0.00403226 0.0282258 0.046371 0.0806452 0.0907258 0.0302419 0.00201613 0.0866935 0.078629 0.0665323 0.0262097 0.0120968 0.0141129 0.00201613 0.0221774 0 

1 0 0 0 0 0 0 0 0 

