6 26 9

0.127231 0.0126582 0.0441415 0.0425187 0.120415 0.0116845 0.00941253 0.0175268 0.0714054 0.00584226 0 0.0298604 0.0460889 0.0483609 0.103862 0.0249919 0.00454398 0.069458 0.0869847 0.0444661 0.0460889 0.0214216 0 0.00389484 0.00032457 0.00681597 

0 0 0 0 0 0 1 0 0 

0.144742 0.0139245 0.0392085 0.0432393 0.116526 0.0128252 0.0113595 0.0157567 0.0652254 0.00916087 0 0.0300476 0.0443386 0.0417735 0.102235 0.0197875 0.00476365 0.0835471 0.0787834 0.0494687 0.0443386 0.0212532 0 0.0010993 0.000366435 0.00622939 

0 0 0 0 0 0 1 0 0 

0.143435 0.0121344 0.044804 0.051649 0.121655 0.0102676 0.00653391 0.0205352 0.076229 0.00497822 0 0.0339141 0.0416926 0.0466708 0.0905414 0.0267579 0.0056005 0.0675171 0.0690728 0.0494711 0.0413815 0.0252022 0 0.00373367 0.00155569 0.00466708 

0 0 0 0 0 0 1 0 0 

0.132928 0.00781929 0.0376484 0.0489429 0.122792 0.0147698 0.0130321 0.013901 0.0764553 0.00550246 0 0.0260643 0.0422821 0.053287 0.0970171 0.0295395 0.00289603 0.0752968 0.0784825 0.0529974 0.0376484 0.021141 0 0.00231683 0.00231683 0.00492326 

0 0 0 0 0 0 1 0 0 

0.140277 0.013544 0.041922 0.0432119 0.119961 0.0199936 0.0119316 0.0180587 0.0732022 0.00354724 0 0.0316027 0.0386972 0.0470816 0.0912609 0.027088 0.00322477 0.0767494 0.076427 0.0467591 0.0425669 0.0206385 0 0.00322477 0.00096743 0.00806192 

0 0 0 0 0 0 1 0 0 

0.146105 0.0106988 0.0361083 0.0491474 0.116683 0.0123704 0.0110331 0.0163825 0.0668673 0.0036777 0 0.0254096 0.0541625 0.0468071 0.10097 0.0264126 0.00267469 0.0692076 0.0812437 0.0474758 0.040789 0.0254096 0 0.00234035 0 0.00802407 

0 0 0 0 0 0 1 0 0 

