21 36 9

0.185539 0 0 0.00409277 0.0736699 0 0 0.0204638 0.100955 0.0272851 0.0709413 0.0641201 0.0272851 0.0682128 0.0804911 0.0204638 0 0.0300136 0.0695771 0.0709413 0.0572988 0.0204638 0 0 0.00818554 0 0 0 0 0 0 0 0 0 0 0 

0 1 0 0 0 0 0 0 0 

0.0998217 0 0 0.00891266 0.0588235 0.00356506 0 0.026738 0.121212 0.0106952 0.0606061 0.0552585 0.0231729 0.0855615 0.0677362 0.0249554 0 0.0320856 0.106952 0.101604 0.0677362 0.0196078 0 0 0.0249554 0 0 0 0 0 0 0 0 0 0 0 

0 1 0 0 0 0 0 0 0 

0.130503 0.00157233 0 0.0125786 0.0833333 0.00157233 0 0.0235849 0.106918 0.0157233 0.0550314 0.0534591 0.0487421 0.100629 0.0518868 0.0235849 0 0.0204403 0.072327 0.0974843 0.0408805 0.0298742 0.00157233 0 0.0283019 0 0 0 0 0 0 0 0 0 0 0 

0 1 0 0 0 0 0 0 0 

0.114478 0 0 0.0151515 0.10101 0 0 0.0286195 0.116162 0.0117845 0.0454545 0.0572391 0.0420875 0.0925926 0.047138 0.0218855 0.0016835 0.0185185 0.0740741 0.117845 0.0521886 0.0218855 0 0 0.020202 0 0 0 0 0 0 0 0 0 0 0 

0 1 0 0 0 0 0 0 0 

0.115983 0 0.00141443 0.0141443 0.0990099 0 0.00424328 0.0268741 0.121641 0.0141443 0.0565771 0.0579915 0.0381895 0.0792079 0.0410184 0.0141443 0 0.0268741 0.0636492 0.123055 0.049505 0.0240453 0 0 0.0282885 0 0 0 0 0 0 0 0 0 0 0 

0 1 0 0 0 0 0 0 0 

0.12037 0 0 0.0138889 0.0740741 0 0.00154321 0.0200617 0.115741 0.0138889 0.0385802 0.0632716 0.0385802 0.0833333 0.0478395 0.0216049 0 0.0246914 0.0725309 0.12037 0.0617284 0.0324074 0 0 0.0354938 0 0 0 0 0 0 0 0 0 0 0 

0 1 0 0 0 0 0 0 0 

0.124451 0 0 0.00732064 0.0702782 0.00146413 0 0.0278184 0.118594 0.0175695 0.0673499 0.0629575 0.0395315 0.0497804 0.0600293 0.0234261 0 0.0219619 0.0702782 0.121523 0.0585652 0.0263543 0.00146413 0 0.0292826 0 0 0 0 0 0 0 0 0 0 0 

0 1 0 0 0 0 0 0 0 

0.107358 0 0.00120627 0.00482509 0.0904704 0 0 0.0241255 0.127865 0.00723764 0.0458384 0.0627262 0.0361882 0.0989144 0.0458384 0.0120627 0 0.0229192 0.0759952 0.12304 0.0699638 0.0301568 0 0 0.013269 0 0 0 0 0 0 0 0 0 0 0 

0 1 0 0 0 0 0 0 0 

0.129524 0 0 0.0133333 0.0895238 0 0 0.0266667 0.114286 0.0228571 0.0514286 0.0533333 0.04 0.0819048 0.0590476 0.0152381 0 0.0114286 0.0838095 0.112381 0.0438095 0.0247619 0.00380952 0 0.0228571 0 0 0 0 0 0 0 0 0 0 0 

0 1 0 0 0 0 0 0 0 

0.0949367 0 0 0.0221519 0.0981013 0 0 0.0221519 0.129747 0.0158228 0.0632911 0.0537975 0.0427215 0.0791139 0.0506329 0.0221519 0.00158228 0.0253165 0.0727848 0.0981013 0.0490506 0.0268987 0.00158228 0 0.0300633 0 0 0 0 0 0 0 0 0 0 0 

0 1 0 0 0 0 0 0 0 

0.126741 0 0.00139276 0.0125348 0.0766017 0.00139276 0 0.0320334 0.110028 0.0167131 0.0543175 0.051532 0.0278552 0.0626741 0.0640668 0.0250696 0 0.0320334 0.0779944 0.122563 0.0487465 0.0236769 0.00139276 0 0.0306407 0 0 0 0 0 0 0 0 0 0 0 

0 1 0 0 0 0 0 0 0 

0.107091 0 0 0.0188133 0.0911722 0 0.00144718 0.0434153 0.107091 0.0130246 0.0347323 0.0535456 0.0434153 0.089725 0.0549928 0.0144718 0 0.0260492 0.0781476 0.107091 0.0593343 0.0231548 0.00434153 0 0.0289436 0 0 0 0 0 0 0 0 0 0 0 

0 1 0 0 0 0 0 0 0 

0.120755 0 0 0.00943396 0.0754717 0 0 0.0339623 0.122642 0.00754717 0.0622642 0.045283 0.0377358 0.0830189 0.0566038 0.0226415 0 0.0207547 0.0943396 0.0924528 0.045283 0.045283 0.00188679 0 0.0226415 0 0 0 0 0 0 0 0 0 0 0 

0 1 0 0 0 0 0 0 0 

0.13764 0.00280899 0 0.00983146 0.0828652 0.00421348 0.00140449 0.0337079 0.113764 0.0168539 0.0463483 0.0603933 0.0393258 0.0632022 0.0421348 0.0154494 0 0.0252809 0.0744382 0.132022 0.0449438 0.0280899 0.00140449 0 0.0238764 0 0 0 0 0 0 0 0 0 0 0 

0 1 0 0 0 0 0 0 0 

0.0963455 0 0 0.00830565 0.0830565 0.00166113 0.00332226 0.0315615 0.109635 0.0182724 0.0481728 0.0498339 0.0348837 0.0797342 0.0747508 0.0149502 0 0.0166113 0.10299 0.112957 0.0548173 0.0232558 0 0.00166113 0.0332226 0 0 0 0 0 0 0 0 0 0 0 

0 1 0 0 0 0 0 0 0 

0.111361 0.00112486 0 0.00899888 0.0776153 0.00224972 0.00112486 0.0247469 0.12036 0.0112486 0.0494938 0.0618673 0.0427447 0.0899888 0.0573678 0.0202475 0 0.0213723 0.0899888 0.0944882 0.0753656 0.0281215 0 0 0.0101237 0 0 0 0 0 0 0 0 0 0 0 

0 1 0 0 0 0 0 0 0 

0.10089 0 0 0.00890208 0.0816024 0 0 0.0192878 0.117211 0.0178042 0.0445104 0.0445104 0.0341246 0.0697329 0.0623145 0.0192878 0 0.0192878 0.0712166 0.154303 0.0682493 0.041543 0 0 0.0252226 0 0 0 0 0 0 0 0 0 0 0 

0 1 0 0 0 0 0 0 0 

0.115207 0.0015361 0 0.00614439 0.0737327 0.0015361 0 0.0261137 0.109063 0.0107527 0.0645161 0.0614439 0.030722 0.0645161 0.046083 0.0230415 0 0.0353303 0.104455 0.104455 0.0768049 0.0168971 0 0 0.0276498 0 0 0 0 0 0 0 0 0 0 0 

0 1 0 0 0 0 0 0 0 

0.121212 0 0.00413223 0.0123967 0.0977961 0.00137741 0.00137741 0.023416 0.130854 0.0123967 0.0578512 0.0647383 0.0399449 0.0702479 0.0371901 0.0206612 0 0.0261708 0.0867769 0.0895317 0.0495868 0.0316804 0.00137741 0.00137741 0.0179063 0 0 0 0 0 0 0 0 0 0 0 

0 1 0 0 0 0 0 0 0 

0.0972222 0.00198413 0 0.0138889 0.0813492 0 0 0.0297619 0.126984 0.0119048 0.0456349 0.0753968 0.0297619 0.093254 0.0674603 0.0178571 0 0.0218254 0.0416667 0.121032 0.0575397 0.0297619 0 0 0.0357143 0 0 0 0 0 0 0 0 0 0 0 

0 1 0 0 0 0 0 0 0 

0.100569 0 0 0.0113852 0.0834915 0 0.00379507 0.0189753 0.0815939 0.0132827 0.0417457 0.0512334 0.0398482 0.0721063 0.0815939 0.0246679 0 0.0208729 0.0986717 0.134725 0.0721063 0.0246679 0 0 0.0246679 0 0 0 0 0 0 0 0 0 0 0 

0 1 0 0 0 0 0 0 0 

