FANN_FLO_2.1
num_layers=3
learning_rate=0.700000
connection_rate=1.000000
network_type=0
learning_momentum=0.000000
training_algorithm=2
train_error_function=1
train_stop_function=0
cascade_output_change_fraction=0.010000
quickprop_decay=-0.000100
quickprop_mu=1.750000
rprop_increase_factor=1.200000
rprop_decrease_factor=0.500000
rprop_delta_min=0.000000
rprop_delta_max=50.000000
rprop_delta_zero=0.100000
cascade_output_stagnation_epochs=12
cascade_candidate_change_fraction=0.010000
cascade_candidate_stagnation_epochs=12
cascade_max_out_epochs=150
cascade_max_cand_epochs=150
cascade_num_candidate_groups=2
bit_fail_limit=3.49999994039535520000e-001
cascade_candidate_limit=1.00000000000000000000e+003
cascade_weight_multiplier=4.00000005960464480000e-001
cascade_activation_functions_count=10
cascade_activation_functions=3 5 7 8 10 11 14 15 16 17 
cascade_activation_steepnesses_count=4
cascade_activation_steepnesses=2.50000000000000000000e-001 5.00000000000000000000e-001 7.50000000000000000000e-001 1.00000000000000000000e+000 
layer_sizes=27 19 10 
scale_included=0
neurons (num_inputs, activation_function, activation_steepness)=(0, 0, 0.00000000000000000000e+000) (0, 0, 0.00000000000000000000e+000) (0, 0, 0.00000000000000000000e+000) (0, 0, 0.00000000000000000000e+000) (0, 0, 0.00000000000000000000e+000) (0, 0, 0.00000000000000000000e+000) (0, 0, 0.00000000000000000000e+000) (0, 0, 0.00000000000000000000e+000) (0, 0, 0.00000000000000000000e+000) (0, 0, 0.00000000000000000000e+000) (0, 0, 0.00000000000000000000e+000) (0, 0, 0.00000000000000000000e+000) (0, 0, 0.00000000000000000000e+000) (0, 0, 0.00000000000000000000e+000) (0, 0, 0.00000000000000000000e+000) (0, 0, 0.00000000000000000000e+000) (0, 0, 0.00000000000000000000e+000) (0, 0, 0.00000000000000000000e+000) (0, 0, 0.00000000000000000000e+000) (0, 0, 0.00000000000000000000e+000) (0, 0, 0.00000000000000000000e+000) (0, 0, 0.00000000000000000000e+000) (0, 0, 0.00000000000000000000e+000) (0, 0, 0.00000000000000000000e+000) (0, 0, 0.00000000000000000000e+000) (0, 0, 0.00000000000000000000e+000) (0, 0, 0.00000000000000000000e+000) (27, 4, 5.00000000000000000000e-001) (27, 4, 5.00000000000000000000e-001) (27, 4, 5.00000000000000000000e-001) (27, 4, 5.00000000000000000000e-001) (27, 4, 5.00000000000000000000e-001) (27, 4, 5.00000000000000000000e-001) (27, 4, 5.00000000000000000000e-001) (27, 4, 5.00000000000000000000e-001) (27, 4, 5.00000000000000000000e-001) (27, 4, 5.00000000000000000000e-001) (27, 4, 5.00000000000000000000e-001) (27, 4, 5.00000000000000000000e-001) (27, 4, 5.00000000000000000000e-001) (27, 4, 5.00000000000000000000e-001) (27, 4, 5.00000000000000000000e-001) (27, 4, 5.00000000000000000000e-001) (27, 4, 5.00000000000000000000e-001) (27, 4, 5.00000000000000000000e-001) (0, 0, 0.00000000000000000000e+000) (19, 4, 5.00000000000000000000e-001) (19, 4, 5.00000000000000000000e-001) (19, 4, 5.00000000000000000000e-001) (19, 4, 5.00000000000000000000e-001) (19, 4, 5.00000000000000000000e-001) (19, 4, 5.00000000000000000000e-001) (19, 4, 5.00000000000000000000e-001) (19, 4, 5.00000000000000000000e-001) (19, 4, 5.00000000000000000000e-001) (0, 0, 0.00000000000000000000e+000) 
connections (connected_to_neuron, weight)=(0, 5.42353093624114990000e-001) (1, 2.37498493194580080000e+001) (2, 4.61160163879394530000e+001) (3, 3.94959807395935060000e-001) (4, -5.30377531051635740000e+000) (5, 1.06191396713256840000e-001) (6, -1.64655399322509770000e+000) (7, 1.08925123214721680000e+001) (8, 6.47469103336334230000e-001) (9, -2.64426651000976560000e+001) (10, -5.37061786651611330000e+000) (11, -1.04885077476501460000e+000) (12, 4.44946384429931640000e+000) (13, -3.31482744216918950000e+000) (14, 1.37596905231475830000e+000) (15, 8.22192311286926270000e-001) (16, 3.51353931427001950000e+000) (17, 3.75894233584403990000e-002) (18, 4.41766917705535890000e-001) (19, -1.30403959751129150000e+000) (20, 1.29654780030250550000e-002) (21, -1.76849334716796870000e+002) (22, -2.05248203277587890000e+001) (23, 1.29451465606689450000e+001) (24, 3.40929595947265620000e+002) (25, -1.66826381683349610000e+001) (26, -2.56759021431207660000e-002) (0, 3.80812335014343260000e+000) (1, -2.21086525917053220000e+000) (2, -4.38343919813632970000e-002) (3, -4.57862281799316410000e+001) (4, -1.59981012344360350000e-001) (5, 3.76246571540832520000e-002) (6, 3.88268127441406250000e+001) (7, -8.00449371337890630000e-001) (8, 6.67451620101928710000e-001) (9, 1.51030421257019040000e+000) (10, 8.95668029785156250000e-001) (11, 9.61606442928314210000e-001) (12, 5.65806508064270020000e-001) (13, 8.11635911464691160000e-001) (14, 6.28859221935272220000e-001) (15, 6.56055927276611330000e-001) (16, 2.20715927124023440000e+002) (17, -8.93844813108444210000e-002) (18, 9.36002492904663090000e-001) (19, 1.91956233978271480000e+000) (20, 4.74400901794433590000e+000) (21, 1.56482757568359370000e+002) (22, 6.57250022888183590000e+000) (23, -1.12876510620117190000e+000) (24, -6.28578872680664060000e+001) (25, 9.62528305053710940000e+001) (26, 4.30223345756530760000e-001) (0, 1.48750853538513180000e+000) (1, 6.31340408325195310000e+000) (2, 2.11050434112548830000e+001) (3, 7.52651214599609380000e+001) (4, 2.76497030258178710000e+000) (5, 1.14345573425292970000e+002) (6, 2.97203460693359370000e+002) (7, 3.02798538208007810000e+001) (8, 4.97717781066894530000e+001) (9, 2.69579505920410160000e+000) (10, 4.57331895828247070000e+000) (11, 1.50000000000000000000e+003) (12, 1.78469085693359380000e+001) (13, 2.18439750671386720000e+001) (14, 1.54851222038269040000e+000) (15, 1.48564565181732180000e+000) (16, 2.79043173789978030000e+000) (17, 5.16722869873046870000e+000) (18, 5.67290186882019040000e-001) (19, 5.30887908935546870000e+001) (20, 4.48632806539535520000e-001) (21, 5.61796455383300780000e+001) (22, -2.60140609741210940000e+000) (23, -3.94436950683593750000e+001) (24, -1.03564815521240230000e+001) (25, 2.74193603515625000000e+002) (26, 7.16885566711425780000e-001) (0, -9.96196460723876950000e+000) (1, 2.33355178833007810000e+001) (2, 3.28141021728515620000e+000) (3, -7.31028032302856450000e+000) (4, 2.80027419328689580000e-001) (5, 7.35834062099456790000e-001) (6, 8.97754192352294920000e+000) (7, 5.98078918457031250000e+000) (8, 4.63738113641738890000e-001) (9, -4.23855811357498170000e-001) (10, 5.57043373584747310000e-001) (11, 3.37543797492980960000e+000) (12, -2.03765511512756350000e+000) (13, 3.54809451103210450000e+000) (14, -7.54257440567016600000e+000) (15, 5.59028029441833500000e-001) (16, 4.94028854370117190000e+000) (17, 5.38724362850189210000e-001) (18, 9.17178392410278320000e-001) (19, 6.96939277648925780000e+000) (20, 1.82831048965454100000e+000) (21, -4.42891426086425780000e+001) (22, 1.95115982055664060000e+002) (23, 5.04444742202758790000e+000) (24, 4.98159065246582030000e+001) (25, 1.90802993774414060000e+001) (26, 4.27937567234039310000e-001) (0, -1.56933471560478210000e-001) (1, -9.04944896697998050000e-001) (2, 6.84077978134155270000e+000) (3, 4.33778136968612670000e-001) (4, -7.42867708206176760000e+000) (5, -1.59204185009002690000e+000) (6, -2.45996904373168950000e+000) (7, -2.54243421554565430000e+000) (8, 6.58194243907928470000e-001) (9, -1.08827072143554690000e+002) (10, -8.43547701835632320000e-001) (11, 6.06686882674694060000e-002) (12, 4.97822999954223630000e-001) (13, -3.35155725479125980000e+000) (14, 4.13322985172271730000e-001) (15, 1.54878389835357670000e+000) (16, -2.78896942138671880000e+001) (17, -1.92767634987831120000e-001) (18, -6.22697591781616210000e-001) (19, -5.31044125556945800000e-001) (20, -5.27962827682495120000e+000) (21, -6.40003502368927000000e-001) (22, -4.84571380615234380000e+001) (23, -2.43719291687011720000e+001) (24, 1.76844924926757810000e+002) (25, 8.89858722686767580000e+000) (26, 3.21901232004165650000e-001) (0, 1.39811837673187260000e+000) (1, 1.12588703632354740000e+000) (2, 1.31863174438476560000e+001) (3, 4.76664841175079350000e-001) (4, -1.07993898391723630000e+001) (5, -1.21403419971466060000e+000) (6, -1.39492928981781010000e+000) (7, -4.89057749509811400000e-001) (8, 4.22692823410034180000e+000) (9, -9.87402801513671880000e+001) (10, 6.50980353355407710000e-001) (11, -3.98734152317047120000e-001) (12, 6.14990234375000000000e+000) (13, -2.88282513618469240000e+000) (14, 5.61747074127197270000e+000) (15, 3.86032629013061520000e+000) (16, -3.37750482559204100000e+000) (17, -1.01106412708759310000e-001) (18, -8.82288217544555660000e-002) (19, -2.74410295486450200000e+000) (20, -8.65270853042602540000e-001) (21, -4.80758488178253170000e-001) (22, -5.07112979888916020000e+000) (23, -1.21436471939086910000e+001) (24, -2.20819306373596190000e+000) (25, 2.54791526794433590000e+001) (26, 1.92224588245153430000e-002) (0, 5.26549160480499270000e-001) (1, 3.57350289821624760000e-001) (2, 8.02488327026367190000e-002) (3, -3.27588701248168950000e+000) (4, -5.88075065612792970000e+000) (5, -4.50690155029296880000e+001) (6, -2.41041970252990720000e+000) (7, -1.48809661865234380000e+001) (8, 8.37785542011260990000e-001) (9, 4.18106842041015620000e+000) (10, 3.39755592346191410000e+001) (11, -7.67163574695587160000e-001) (12, -5.52743017673492430000e-001) (13, -1.84531497955322270000e+000) (14, 6.14145696163177490000e-001) (15, 4.87735867500305180000e-001) (16, -1.94164688110351560000e+002) (17, -2.66139006614685060000e+000) (18, -4.36913204193115230000e+000) (19, -9.70846891403198240000e-001) (20, -1.66178722381591800000e+001) (21, -6.20595550537109380000e+000) (22, -3.78622710704803470000e-001) (23, -5.02004852294921870000e+001) (24, 3.76734161376953120000e+002) (25, 1.07847156524658200000e+001) (26, -8.30982983112335210000e-001) (0, 3.38053154945373540000e+000) (1, 4.47307944297790530000e-001) (2, 1.28180603027343750000e+002) (3, 1.14801988005638120000e-001) (4, 1.95091292262077330000e-001) (5, 5.77388906478881840000e+000) (6, -8.79609286785125730000e-002) (7, 2.84537285566329960000e-001) (8, 1.14782407879829410000e-001) (9, -3.15411491394042970000e+001) (10, -6.84365692138671880000e+001) (11, 1.18516579270362850000e-001) (12, 4.89091306924819950000e-001) (13, -4.06860783696174620000e-002) (14, 2.53362298011779790000e-001) (15, 2.61064395308494570000e-002) (16, 1.42726721191406250000e+003) (17, 4.12201118469238280000e+000) (18, 3.07722091674804690000e+000) (19, 5.36928884685039520000e-002) (20, 6.96748113632202150000e+000) (21, 3.82448911666870120000e-001) (22, -2.15363764762878420000e+000) (23, 2.21180820465087890000e+000) (24, 1.76561141014099120000e+000) (25, 4.14926171302795410000e-001) (26, 1.09377443790435790000e-001) (0, 3.23161125183105470000e+000) (1, -9.60771331787109380000e+001) (2, -3.00210094451904300000e+001) (3, -3.36350250244140630000e+001) (4, -1.88989937305450440000e+000) (5, -1.02301836013793950000e-001) (6, -1.02070472717285160000e+002) (7, -1.82259905338287350000e+000) (8, 1.43228713423013690000e-002) (9, -3.57178039550781250000e+002) (10, -5.78766662597656250000e+002) (11, -3.52927398681640620000e+001) (12, -3.83549392223358150000e-001) (13, -5.70031642913818360000e-001) (14, -5.69654822349548340000e-001) (15, -3.05800765752792360000e-001) (16, 4.94397506713867190000e+001) (17, 2.61717513203620910000e-002) (18, 7.74139547348022460000e+000) (19, -5.28289914131164550000e-001) (20, 3.71679687500000000000e+001) (21, 1.17854576110839840000e+001) (22, -1.42164001464843750000e+003) (23, -9.21017646789550780000e+000) (24, -1.06580004882812500000e+003) (25, -1.88716796875000000000e+002) (26, -1.72198057174682620000e-001) (0, -4.70970573425292970000e+001) (1, 1.44921312332153320000e+001) (2, 5.90686261653900150000e-001) (3, 1.43163356781005860000e+001) (4, 2.33636417388916020000e+001) (5, 1.26437736511230470000e+002) (6, 1.93228149414062500000e+002) (7, 1.13768053054809570000e+001) (8, -1.72467434406280520000e+000) (9, -1.66509056091308590000e+000) (10, 3.96298003196716310000e+000) (11, -4.84581232070922850000e-001) (12, -5.07603660225868230000e-002) (13, 3.44693958759307860000e-001) (14, -4.39583778381347660000e+000) (15, -1.23971974849700930000e+000) (16, 7.59937429428100590000e+000) (17, 1.00023374557495120000e+001) (18, -1.92385777831077580000e-001) (19, 2.55078005790710450000e+000) (20, -3.86870622634887700000e-001) (21, 2.59369611740112300000e-002) (22, 8.71523666381835940000e+000) (23, 1.98824005126953130000e+001) (24, -5.29509687423706050000e+000) (25, 1.31232299804687500000e+001) (26, -3.82672876119613650000e-001) (0, -1.69787931442260740000e+000) (1, -5.59239053726196290000e+000) (2, -2.54779033660888670000e+001) (3, -2.12123966217041020000e+000) (4, 2.26886844635009770000e+000) (5, 2.54672145843505860000e+000) (6, 4.59897041320800780000e+000) (7, 8.89641723632812500000e+001) (8, -8.50365221500396730000e-001) (9, 1.87020385265350340000e+000) (10, 5.18783302307128910000e+001) (11, 6.07578814029693600000e-001) (12, -6.10837221145629880000e+000) (13, 7.61404561996459960000e+000) (14, -1.24975872039794920000e+001) (15, -1.16222572326660160000e+000) (16, 7.93132629394531250000e+001) (17, -2.62999653816223140000e-001) (18, 3.69329936802387240000e-002) (19, 7.53562450408935550000e+000) (20, 4.82822686433792110000e-001) (21, -1.43468582630157470000e+000) (22, 1.03792963027954100000e+001) (23, 3.65695643424987790000e+000) (24, -3.97828722000122070000e+000) (25, -5.38056823730468750000e+002) (26, -2.35360220074653630000e-001) (0, -3.03115482330322270000e+001) (1, -2.10696652531623840000e-001) (2, -9.12242317199707030000e+000) (3, -1.45656335353851320000e+000) (4, 8.39327049255371090000e+000) (5, 3.50709891319274900000e+000) (6, 5.73771095275878910000e+001) (7, 1.36546459197998050000e+001) (8, 4.60461944341659550000e-001) (9, -1.84933986663818360000e+001) (10, -3.64125251770019530000e+001) (11, 8.44264864921569820000e-001) (12, -1.49541511535644530000e+001) (13, 6.08781528472900390000e+000) (14, -7.36697006225585940000e+000) (15, 1.03894531726837160000e+000) (16, -4.77165317535400390000e+000) (17, 5.12797534465789790000e-001) (18, -2.92764037847518920000e-001) (19, 1.63322973251342770000e+000) (20, -9.47949588298797610000e-002) (21, 4.65637475252151490000e-001) (22, -8.89345550537109380000e+001) (23, -1.60871505737304690000e+000) (24, -1.22766711425781250000e+003) (25, -3.74743614196777340000e+001) (26, -9.53934118151664730000e-002) (0, 3.67280507087707520000e+000) (1, -3.75526580810546870000e+001) (2, -3.02071428298950200000e+000) (3, -1.16102075576782230000e+000) (4, -1.44485926628112790000e+000) (5, 5.63506546020507810000e+001) (6, -6.74983644485473630000e+000) (7, -9.72802352905273440000e+000) (8, 2.82994925975799560000e-001) (9, 5.30118469238281250000e+002) (10, 1.60174217224121090000e+001) (11, -1.52866687774658200000e+001) (12, 9.81441065669059750000e-002) (13, -3.25612163543701170000e+000) (14, 1.37460127472877500000e-001) (15, 6.26127898693084720000e-001) (16, -2.19031715393066410000e+000) (17, -4.16050767898559570000e+000) (18, -1.85602188110351560000e+000) (19, -3.59623342752456670000e-001) (20, -1.40173232555389400000e+000) (21, 1.96259725093841550000e+000) (22, -2.55848636627197270000e+001) (23, -1.13201545715332030000e+002) (24, -1.09003677368164060000e+002) (25, 1.00529304504394530000e+002) (26, -4.60119187831878660000e-001) (0, -1.50416147708892820000e+000) (1, -3.26079457998275760000e-001) (2, -1.09008920192718510000e+000) (3, -1.80454885959625240000e+000) (4, -2.50477457046508790000e+000) (5, 6.14132881164550780000e+000) (6, -2.26158604025840760000e-001) (7, 1.95033454895019530000e+000) (8, -1.54045832157135010000e+000) (9, 6.81605219841003420000e-001) (10, 8.24700927734375000000e+001) (11, -1.67230105400085450000e+000) (12, 7.09955036640167240000e-001) (13, -1.97949588298797610000e+000) (14, -3.29958581924438480000e+000) (15, -1.20032107830047610000e+000) (16, -7.69488372802734370000e+001) (17, -8.86893558502197270000e+000) (18, -1.46154766082763670000e+001) (19, -1.56767714023590090000e+000) (20, -2.45009684562683110000e+000) (21, 2.18375835418701170000e+001) (22, -1.45740308761596680000e+001) (23, -3.74722106933593750000e+002) (24, -4.93053321838378910000e+001) (25, 6.50306579589843750000e+002) (26, -7.12819755077362060000e-001) (0, 3.10725830078125000000e+002) (1, 9.15244400501251220000e-001) (2, 4.98873481750488280000e+001) (3, 6.28085388183593750000e+002) (4, 1.27860610961914060000e+002) (5, 6.28817504882812500000e+002) (6, 5.47670364379882810000e+001) (7, 1.25649093627929690000e+002) (8, 1.00395936965942380000e+001) (9, 9.47376537322998050000e+000) (10, 9.63241696357727050000e-001) (11, 4.12109661102294920000e+000) (12, 3.08600830078125000000e+002) (13, 2.21037731170654300000e+001) (14, 3.19731048583984370000e+002) (15, 1.32077880859375000000e+002) (16, 2.91605606079101560000e+001) (17, 4.54753637313842770000e+000) (18, 9.80028629302978520000e+000) (19, 2.40889530181884770000e+001) (20, 4.43227148056030270000e+000) (21, 2.38647594451904300000e+001) (22, 7.35098421573638920000e-001) (23, 1.26866479492187500000e+003) (24, 7.46239662170410160000e-001) (25, 1.48281869888305660000e+001) (26, 2.20706558227539060000e+000) (0, 8.11064052581787110000e+000) (1, 2.40351700782775880000e+000) (2, 1.63860397338867190000e+001) (3, 1.77957706451416020000e+001) (4, 7.25651800632476810000e-001) (5, 5.36583471298217770000e+000) (6, 2.96174659729003910000e+001) (7, 6.48781180381774900000e-001) (8, 1.11506152153015140000e+000) (9, -3.81004676818847660000e+001) (10, -5.01133956909179690000e+001) (11, 2.21713542938232420000e+000) (12, 8.64618539810180660000e-001) (13, 5.44323492050170900000e+000) (14, 8.07399868965148930000e-001) (15, 4.24926233291625980000e+000) (16, 1.50000000000000000000e+003) (17, 9.34740543365478520000e-001) (18, 5.65101385116577150000e+000) (19, 8.83117020130157470000e-001) (20, 4.31516036987304690000e+001) (21, 8.02094909667968750000e+002) (22, -1.87974948883056640000e+001) (23, 8.14741699218750000000e+002) (24, -1.52765502929687500000e+002) (25, 8.33785438537597660000e+000) (26, 4.42538678646087650000e-001) (0, -3.03869187831878660000e-001) (1, -8.67687821388244630000e-001) (2, -1.27941536903381350000e+000) (3, -7.31540024280548100000e-002) (4, -3.57959580421447750000e+000) (5, -8.15410995483398440000e+000) (6, -1.42304821014404300000e+001) (7, -6.59643268585205080000e+000) (8, -2.74883359670639040000e-001) (9, 4.44930328369140620000e+002) (10, -2.82297897338867190000e+001) (11, -5.26485872268676760000e+000) (12, -3.22128176689147950000e-001) (13, -4.10824060440063480000e-001) (14, -1.64684392511844640000e-002) (15, 7.99738347530364990000e-001) (16, 6.72862946987152100000e-001) (17, -3.25806283950805660000e+000) (18, -3.35115289688110350000e+000) (19, -2.95723438262939450000e+000) (20, -2.65594315528869630000e+000) (21, -2.01149964332580570000e+000) (22, -6.67902069091796870000e+001) (23, 1.06770777702331540000e+000) (24, 5.37493286132812500000e+002) (25, 1.59852476119995120000e+001) (26, -4.56374734640121460000e-001) (0, 1.94049096107482910000e+000) (1, -5.56270694732666020000e+000) (2, -2.43723697662353520000e+001) (3, -3.96904492378234860000e+000) (4, 1.01298773288726810000e+000) (5, -6.07318782806396480000e+000) (6, 1.38395369052886960000e+000) (7, -2.07813143730163570000e-001) (8, -3.46028417348861690000e-001) (9, -1.16632330417633060000e+000) (10, 1.70572338104248050000e+001) (11, 2.76521511077880860000e+001) (12, -1.15681219100952150000e+001) (13, 1.62476444244384770000e+001) (14, -1.21023154258728030000e+000) (15, -1.04700498580932620000e+001) (16, -3.13176214694976810000e-001) (17, 6.91386759281158450000e-002) (18, 3.12518924474716190000e-001) (19, 2.05882477760314940000e+000) (20, 4.79916304349899290000e-001) (21, 5.08239746093750000000e+000) (22, -1.06077299118041990000e+001) (23, -5.95218467712402340000e+000) (24, -8.63286361694335940000e+001) (25, 1.35148506164550780000e+001) (26, 2.59492218494415280000e-001) (27, -1.79874673485755920000e-002) (28, -3.19152402877807620000e+000) (29, -6.07013583183288570000e-001) (30, -2.15893182903528210000e-002) (31, 1.25285580754280090000e-001) (32, -1.76314878463745120000e+000) (33, 1.63401091098785400000e+000) (34, -3.66390228271484380000e-001) (35, 1.06630004882812500000e+002) (36, 1.58172357082366940000e+000) (37, 1.23019161224365230000e+001) (38, 2.22840766906738280000e+001) (39, -1.33418626785278320000e+001) (40, -4.03768444061279300000e+000) (41, -7.33486652374267580000e-001) (42, -2.38435435295104980000e+000) (43, 3.64594087004661560000e-002) (44, -2.18446746468544010000e-001) (45, -4.68771249055862430000e-001) (27, -1.71916931867599490000e-001) (28, 4.46101099252700810000e-001) (29, -1.79791599512100220000e-001) (30, -2.06565827131271360000e-001) (31, -2.22263902425765990000e-001) (32, -1.54181241989135740000e-001) (33, -2.99884192645549770000e-002) (34, -2.43433237075805660000e-001) (35, 5.41390075683593750000e+002) (36, -2.54345912933349610000e+001) (37, 3.41782927513122560000e+000) (38, 3.04545269012451170000e+001) (39, 3.48018825054168700000e-001) (40, -1.84713006019592290000e-001) (41, -1.82285487651824950000e-001) (42, -1.41779750585556030000e-001) (43, 6.98564231395721440000e-001) (44, 1.76726520061492920000e+000) (45, -1.41611695289611820000e-001) (27, -5.19790840148925780000e+000) (28, 1.28730416297912600000e-001) (29, 7.10353478789329530000e-002) (30, 1.29411786794662480000e-001) (31, -1.38394975662231450000e+000) (32, -6.01202011108398440000e+000) (33, -1.07809000015258790000e+001) (34, -1.04091852903366090000e-001) (35, 9.85493927001953130000e+001) (36, 1.15745029449462890000e+001) (37, 7.08542823791503910000e+000) (38, 2.49184989929199220000e+001) (39, -1.08108675479888920000e+000) (40, -3.85171661376953130000e+001) (41, -3.19216012954711910000e-001) (42, 9.84557792544364930000e-002) (43, -1.90075528621673580000e+000) (44, 6.42886102199554440000e-001) (45, -1.16816140711307530000e-001) (27, -1.48466169834136960000e-001) (28, -1.57986152172088620000e+000) (29, -1.81624397635459900000e-001) (30, 2.13144779205322270000e-001) (31, -1.30941510200500490000e+000) (32, -7.21239387989044190000e-001) (33, -1.36494255065917970000e+000) (34, -3.57390105724334720000e-001) (35, 7.37728576660156250000e+001) (36, 7.26329028606414790000e-001) (37, 1.96632480621337890000e+001) (38, 4.11227703094482420000e+000) (39, -1.38663947582244870000e+000) (40, 9.12990391254425050000e-001) (41, -5.08802592754364010000e-001) (42, -6.12292051315307620000e-001) (43, -3.05267868041992190000e+001) (44, -3.32973115146160130000e-002) (45, -4.35981184244155880000e-001) (27, 8.23268294334411620000e-001) (28, -8.35791051387786870000e-001) (29, -7.56611347198486330000e-001) (30, 1.91574081778526310000e-001) (31, 7.01621234416961670000e-001) (32, 6.59676253795623780000e-001) (33, 2.48521089553833010000e+000) (34, -3.62306028604507450000e-001) (35, 5.58814147949218750000e+002) (36, -2.17177891731262210000e+000) (37, -2.26786483764648440000e+002) (38, -1.26817672729492190000e+002) (39, 4.27271604537963870000e-001) (40, 1.77261459827423100000e+000) (41, -2.00333163142204280000e-001) (42, -1.15143108367919920000e+000) (43, 2.47381448745727540000e+000) (44, -2.04912114143371580000e+000) (45, -7.18112736940383910000e-002) (27, 1.43289413452148440000e+001) (28, -2.41587594151496890000e-001) (29, -2.48644128441810610000e-002) (30, -1.34422823786735530000e-001) (31, 3.15423905849456790000e-001) (32, 4.06096041202545170000e-001) (33, 4.87420022487640380000e-001) (34, 1.03247630596160890000e+000) (35, 1.20931453704833980000e+001) (36, -1.73786664009094240000e+000) (37, -2.81712379455566410000e+001) (38, 1.60905122756958010000e+000) (39, -5.92415618896484370000e+000) (40, -1.62229442596435550000e+001) (41, 2.13308423757553100000e-001) (42, 1.75365185737609860000e+000) (43, 1.85026854276657100000e-001) (44, 7.28529468178749080000e-002) (45, -2.07504793070256710000e-003) (27, -1.14355981349945070000e+000) (28, 5.87213560938835140000e-002) (29, -1.66339501738548280000e-001) (30, -1.12342042922973630000e+001) (31, -3.81752103567123410000e-001) (32, -2.02154800295829770000e-001) (33, -3.03211250305175780000e+001) (34, 2.76913344860076900000e-002) (35, 9.43933715820312500000e+001) (36, -1.35381984710693360000e+000) (37, -2.89791088104248050000e+001) (38, -2.65754455566406250000e+002) (39, 1.73986854553222660000e+001) (40, -1.91837996244430540000e-002) (41, 1.57619956880807880000e-002) (42, -8.15505255013704300000e-003) (43, 3.06169104576110840000e+000) (44, -6.61043822765350340000e-001) (45, -1.24854482710361480000e-001) (27, -2.65712976455688480000e-001) (28, 2.01374340057373050000e+000) (29, 2.22143918275833130000e-001) (30, 4.26329970359802250000e-001) (31, 6.81293153762817380000e+000) (32, 1.91293692588806150000e+000) (33, 4.02035284042358400000e+000) (34, 1.24439060688018800000e+000) (35, 3.09017825126647950000e+000) (36, 1.34359717369079590000e-001) (37, -3.10771713256835940000e+001) (38, 2.86359608173370360000e-001) (39, -6.18066549301147460000e+000) (40, 3.08806705474853520000e+000) (41, -1.33942678570747380000e-001) (42, 2.04779505729675290000e+000) (43, -2.93185710906982420000e+001) (44, 6.15994572639465330000e-001) (45, -5.45548982918262480000e-002) (27, -8.86809768676757810000e+001) (28, -3.56519877910614010000e-001) (29, -8.40927362442016600000e-002) (30, -2.40927189588546750000e-001) (31, -1.52840316295623780000e+000) (32, -4.31502729654312130000e-001) (33, -1.73884734511375430000e-001) (34, -5.41417837142944340000e+000) (35, 1.70152954101562500000e+002) (36, 5.41956520080566410000e+000) (37, 1.16609704494476320000e+000) (38, 5.11052370071411130000e+000) (39, 6.13335490226745610000e-001) (40, 4.43224966526031490000e-001) (41, -2.04127267003059390000e-001) (42, -9.06508505344390870000e-001) (43, 6.20639753341674800000e+000) (44, 3.55670298449695110000e-003) (45, -3.40515315532684330000e-001) 
